              precision    recall  f1-score   support

           0     0.9194    0.9375    0.9284      6741
          13     0.9867    0.9897    0.9882     33619
          19     0.8937    0.8944    0.8940     13125
          22     0.9007    0.8847    0.8926      4848
          27     0.9180    0.9146    0.9163     11070
          31     0.7930    0.7808    0.7869      7866

    accuracy                         0.9304     77269
   macro avg     0.9019    0.9003    0.9011     77269
weighted avg     0.9301    0.9304    0.9302     77269

              precision    recall  f1-score   support

           0     0.9426    0.9476    0.9451      6741
          13     0.9901    0.9926    0.9914     33609
          19     0.9185    0.9167    0.9176     13121
          22     0.9243    0.9199    0.9221      4845
          27     0.9359    0.9396    0.9377     11062
          31     0.8504    0.8381    0.8442      7865

    accuracy                         0.9479     77243
   macro avg     0.9270    0.9258    0.9264     77243
weighted avg     0.9477    0.9479    0.9478     77243

              precision    recall  f1-score   support

           0     0.9351    0.9377    0.9364      6741
          13     0.9902    0.9918    0.9910     33619
          19     0.9095    0.9147    0.9121     13125
          22     0.9192    0.8960    0.9075      4848
          27     0.9328    0.9308    0.9318     11070
          31     0.8214    0.8213    0.8213      7866

    accuracy                         0.9419     77269
   macro avg     0.9180    0.9154    0.9167     77269
weighted avg     0.9418    0.9419    0.9418     77269

              precision    recall  f1-score   support

           0     0.9590    0.9622    0.9606      6741
          13     0.9927    0.9949    0.9938     33609
          19     0.9441    0.9491    0.9466     13121
          22     0.9453    0.9453    0.9453      4845
          27     0.9599    0.9625    0.9612     11062
          31     0.9092    0.8865    0.8977      7865

    accuracy                         0.9655     77243
   macro avg     0.9517    0.9501    0.9509     77243
weighted avg     0.9653    0.9655    0.9654     77243

              precision    recall  f1-score   support

           0     0.9282    0.9334    0.9308      6741
          13     0.9900    0.9915    0.9908     33619
          19     0.9087    0.9133    0.9110     13125
          22     0.9168    0.8822    0.8992      4848
          27     0.9328    0.9311    0.9320     11070
          31     0.8110    0.8160    0.8135      7866

    accuracy                         0.9398     77269
   macro avg     0.9146    0.9113    0.9129     77269
weighted avg     0.9398    0.9398    0.9398     77269

              precision    recall  f1-score   support

           0     0.9559    0.9580    0.9570      6741
          13     0.9925    0.9949    0.9937     33609
          19     0.9414    0.9472    0.9443     13121
          22     0.9450    0.9354    0.9402      4845
          27     0.9590    0.9609    0.9599     11062
          31     0.8966    0.8795    0.8879      7865

    accuracy                         0.9632     77243
   macro avg     0.9484    0.9460    0.9472     77243
weighted avg     0.9631    0.9632    0.9631     77243

