              precision    recall  f1-score   support

          13     0.9881    0.9901    0.9891     33619
          19     0.9097    0.9162    0.9130     13125
          27     0.9280    0.9225    0.9253     11070
          31     0.8405    0.8303    0.8354      7866

    accuracy                         0.9448     65680
   macro avg     0.9166    0.9148    0.9157     65680
weighted avg     0.9446    0.9448    0.9447     65680

              precision    recall  f1-score   support

          13     0.9915    0.9935    0.9925     33609
          19     0.9348    0.9355    0.9352     13121
          27     0.9435    0.9463    0.9449     11062
          31     0.8870    0.8745    0.8807      7865

    accuracy                         0.9597     65657
   macro avg     0.9392    0.9375    0.9383     65657
weighted avg     0.9596    0.9597    0.9597     65657

              precision    recall  f1-score   support

          13     0.9911    0.9926    0.9919     33619
          19     0.9281    0.9368    0.9324     13125
          27     0.9423    0.9388    0.9406     11070
          31     0.8782    0.8636    0.8708      7866

    accuracy                         0.9569     65680
   macro avg     0.9349    0.9329    0.9339     65680
weighted avg     0.9568    0.9569    0.9568     65680

              precision    recall  f1-score   support

          13     0.9933    0.9954    0.9944     33609
          19     0.9567    0.9610    0.9588     13121
          27     0.9651    0.9676    0.9664     11062
          31     0.9311    0.9124    0.9217      7865

    accuracy                         0.9739     65657
   macro avg     0.9616    0.9591    0.9603     65657
weighted avg     0.9738    0.9739    0.9738     65657

              precision    recall  f1-score   support

          13     0.9914    0.9924    0.9919     33619
          19     0.9299    0.9390    0.9345     13125
          27     0.9449    0.9385    0.9417     11070
          31     0.8745    0.8646    0.8695      7866

    accuracy                         0.9573     65680
   macro avg     0.9352    0.9336    0.9344     65680
weighted avg     0.9572    0.9573    0.9573     65680

              precision    recall  f1-score   support

          13     0.9930    0.9954    0.9942     33609
          19     0.9549    0.9604    0.9577     13121
          27     0.9638    0.9667    0.9652     11062
          31     0.9265    0.9041    0.9152      7865

    accuracy                         0.9726     65657
   macro avg     0.9595    0.9567    0.9581     65657
weighted avg     0.9725    0.9726    0.9725     65657

