              precision    recall  f1-score   support

           0     0.8236    0.8271    0.8254      4494
           1     0.0000    0.0000    0.0000        39
           2     0.7674    0.8305    0.7977      1776
           3     0.5426    0.7793    0.6398       784
           4     0.8208    0.9010    0.8590       859
           5     0.6836    0.5862    0.6312       667
           6     0.5919    0.9047    0.7156      1249
           7     0.4493    0.3396    0.3868      1069
           8     0.7647    0.0996    0.1763       261
           9     0.6530    0.7501    0.6982      2717
          10     0.5861    0.4965    0.5376       288
          11     0.6236    0.8388    0.7154       794
          12     0.6092    0.4944    0.5458       536
          13     0.9840    0.9793    0.9816     22406
          14     0.7388    0.8788    0.8028      1725
          15     0.7957    0.8412    0.8178      2940
          16     0.5493    0.3482    0.4262       224
          17     0.0000    0.0000    0.0000       160
          18     0.5186    0.3355    0.4075       456
          19     0.8553    0.7989    0.8262      8748
          20     0.7143    0.0323    0.0617       155
          21     0.7126    0.6797    0.6958      1795
          22     0.7450    0.9009    0.8156      3230
          23     0.0000    0.0000    0.0000        56
          24     0.6689    0.5801    0.6213       512
          25     0.7227    0.9012    0.8022       992
          26     0.4772    0.4581    0.4675       823
          27     0.8361    0.7996    0.8174      7375
          28     0.0000    0.0000    0.0000        37
          29     0.5244    0.4785    0.5004       675
          30     0.6735    0.6909    0.6821       618
          31     0.7667    0.3868    0.5142      5243
          32     0.0000    0.0000    0.0000        26
          33     0.5945    0.8050    0.6839      1251
          34     0.6240    0.7244    0.6705      1785
          35     0.5226    0.7741    0.6240       925
          36     0.5881    0.7857    0.6727       952
          37     0.4880    0.7181    0.5811       908

    accuracy                         0.7988     79550
   macro avg     0.5794    0.5722    0.5527     79550
weighted avg     0.8031    0.7988    0.7922     79550

(AMB STOPWORDS) (1-grames) FastText ACC@2: 0.8975487115021998
(AMB STOPWORDS) (1-grames) FastText ACC@3: 0.9335135135135135
(AMB STOPWORDS) (1-grames) FastText ACC@4: 0.9520678818353236
(AMB STOPWORDS) (1-grames) FastText ACC@5: 0.963218101822753
              precision    recall  f1-score   support

           0     0.8634    0.8830    0.8730      4494
           1     0.0000    0.0000    0.0000        39
           2     0.8524    0.8615    0.8569      1776
           3     0.7414    0.7385    0.7399       784
           4     0.8973    0.9057    0.9015       859
           5     0.7899    0.7046    0.7448       667
           6     0.7968    0.8479    0.8216      1249
           7     0.5599    0.5248    0.5418      1069
           8     0.6860    0.4521    0.5450       261
           9     0.7663    0.7689    0.7676      2717
          10     0.7317    0.6250    0.6742       288
          11     0.8347    0.7947    0.8142       794
          12     0.7133    0.5896    0.6456       536
          13     0.9842    0.9906    0.9874     22406
          14     0.8478    0.8748    0.8611      1725
          15     0.8439    0.8827    0.8628      2940
          16     0.6865    0.5670    0.6210       224
          17     0.6667    0.1125    0.1925       160
          18     0.6369    0.4539    0.5301       456
          19     0.8630    0.8845    0.8737      8748
          20     0.7981    0.5355    0.6409       155
          21     0.7716    0.7961    0.7837      1795
          22     0.8755    0.9037    0.8894      3230
          23     0.0000    0.0000    0.0000        56
          24     0.7903    0.6992    0.7420       512
          25     0.8511    0.9103    0.8797       992
          26     0.6177    0.5164    0.5625       823
          27     0.8392    0.8759    0.8572      7375
          28     0.0000    0.0000    0.0000        37
          29     0.6894    0.5689    0.6234       675
          30     0.8327    0.7168    0.7704       618
          31     0.6855    0.7091    0.6971      5243
          32     0.0000    0.0000    0.0000        26
          33     0.7775    0.7234    0.7495      1251
          34     0.7453    0.7557    0.7505      1785
          35     0.7822    0.7222    0.7510       925
          36     0.7924    0.7857    0.7890       952
          37     0.6931    0.6542    0.6731       908

    accuracy                         0.8555     79550
   macro avg     0.6922    0.6404    0.6583     79550
weighted avg     0.8516    0.8555    0.8525     79550

(NO STOPWORDS) (1-grames) FastText ACC@2: 0.9424010056568196
(NO STOPWORDS) (1-grames) FastText ACC@3: 0.968095537397863
(NO STOPWORDS) (1-grames) FastText ACC@4: 0.9791577624135763
(NO STOPWORDS) (1-grames) FastText ACC@5: 0.9848271527341295
              precision    recall  f1-score   support

           0     0.7814    0.8313    0.8056      4494
           1     0.0000    0.0000    0.0000        39
           2     0.6895    0.8114    0.7455      1776
           3     0.3923    0.8061    0.5278       784
           4     0.7360    0.8568    0.7918       859
           5     0.7500    0.3193    0.4479       667
           6     0.6078    0.8151    0.6963      1249
           7     0.3657    0.1197    0.1804      1069
           8     0.0000    0.0000    0.0000       261
           9     0.6032    0.7670    0.6753      2717
          10     0.0000    0.0000    0.0000       288
          11     0.6375    0.7531    0.6905       794
          12     0.5892    0.3451    0.4353       536
          13     0.9708    0.9842    0.9774     22406
          14     0.7320    0.8359    0.7805      1725
          15     0.7489    0.8388    0.7913      2940
          16     0.0000    0.0000    0.0000       224
          17     0.0000    0.0000    0.0000       160
          18     0.4393    0.1031    0.1670       456
          19     0.8464    0.7940    0.8193      8748
          20     0.0000    0.0000    0.0000       155
          21     0.6576    0.6184    0.6374      1795
          22     0.6729    0.9108    0.7740      3230
          23     0.0000    0.0000    0.0000        56
          24     0.8203    0.2051    0.3281       512
          25     0.6011    0.8871    0.7166       992
          26     0.4784    0.3900    0.4297       823
          27     0.7912    0.8320    0.8111      7375
          28     0.0000    0.0000    0.0000        37
          29     0.5373    0.3096    0.3929       675
          30     0.7494    0.5032    0.6021       618
          31     0.7337    0.3595    0.4826      5243
          32     0.0000    0.0000    0.0000        26
          33     0.5332    0.7906    0.6368      1251
          34     0.5985    0.6790    0.6362      1785
          35     0.5185    0.7103    0.5995       925
          36     0.5809    0.6975    0.6339       952
          37     0.5083    0.5705    0.5376       908

    accuracy                         0.7751     79550
   macro avg     0.4913    0.4854    0.4671     79550
weighted avg     0.7682    0.7751    0.7597     79550

(AMB STOPWORDS) (2-grames) FastText ACC@2: 0.8733752357008171
(AMB STOPWORDS) (2-grames) FastText ACC@3: 0.9096920175989943
(AMB STOPWORDS) (2-grames) FastText ACC@4: 0.9310370835952231
(AMB STOPWORDS) (2-grames) FastText ACC@5: 0.9460213702074167
              precision    recall  f1-score   support

           0     0.8834    0.9074    0.8953      4494
           1     0.0000    0.0000    0.0000        39
           2     0.8481    0.8834    0.8654      1776
           3     0.7130    0.6939    0.7033       784
           4     0.8673    0.9127    0.8894       859
           5     0.7711    0.6717    0.7179       667
           6     0.7648    0.8879    0.8218      1249
           7     0.5035    0.5398    0.5210      1069
           8     0.8525    0.1992    0.3230       261
           9     0.7756    0.8266    0.8003      2717
          10     0.8121    0.4653    0.5916       288
          11     0.8556    0.8060    0.8301       794
          12     0.7113    0.5149    0.5974       536
          13     0.9898    0.9941    0.9919     22406
          14     0.8560    0.8823    0.8690      1725
          15     0.8493    0.9122    0.8796      2940
          16     1.0000    0.0312    0.0606       224
          17     0.0000    0.0000    0.0000       160
          18     0.7026    0.3004    0.4209       456
          19     0.9036    0.9294    0.9163      8748
          20     1.0000    0.0452    0.0864       155
          21     0.7760    0.7933    0.7846      1795
          22     0.9077    0.9316    0.9195      3230
          23     0.0000    0.0000    0.0000        56
          24     0.7786    0.6523    0.7099       512
          25     0.8022    0.8992    0.8479       992
          26     0.6435    0.5286    0.5804       823
          27     0.8799    0.9189    0.8990      7375
          28     0.0000    0.0000    0.0000        37
          29     0.7024    0.5526    0.6186       675
          30     0.8137    0.6926    0.7483       618
          31     0.7612    0.8106    0.7851      5243
          32     0.0000    0.0000    0.0000        26
          33     0.8106    0.7458    0.7769      1251
          34     0.7605    0.7933    0.7765      1785
          35     0.8024    0.7330    0.7661       925
          36     0.8150    0.7868    0.8006       952
          37     0.7183    0.6740    0.6955       908

    accuracy                         0.8740     79550
   macro avg     0.7008    0.6031    0.6182     79550
weighted avg     0.8701    0.8740    0.8679     79550

(NO STOPWORDS) (2-grames) FastText ACC@2: 0.9446008799497172
(NO STOPWORDS) (2-grames) FastText ACC@3: 0.9657196731615336
(NO STOPWORDS) (2-grames) FastText ACC@4: 0.9766184789440603
(NO STOPWORDS) (2-grames) FastText ACC@5: 0.9824512884978002
              precision    recall  f1-score   support

           0     0.7174    0.8469    0.7768      4494
           1     0.0000    0.0000    0.0000        39
           2     0.5868    0.7838    0.6712      1776
           3     0.3170    0.8112    0.4559       784
           4     0.6585    0.6577    0.6581       859
           5     0.6667    0.0240    0.0463       667
           6     0.6050    0.7334    0.6630      1249
           7     0.2679    0.0561    0.0928      1069
           8     0.0000    0.0000    0.0000       261
           9     0.5268    0.7523    0.6197      2717
          10     0.0000    0.0000    0.0000       288
          11     0.7864    0.2040    0.3240       794
          12     0.6129    0.0354    0.0670       536
          13     0.9513    0.9838    0.9673     22406
          14     0.6616    0.8261    0.7347      1725
          15     0.6759    0.8384    0.7484      2940
          16     0.0000    0.0000    0.0000       224
          17     0.0000    0.0000    0.0000       160
          18     0.5000    0.0088    0.0172       456
          19     0.8039    0.8043    0.8041      8748
          20     0.0000    0.0000    0.0000       155
          21     0.6028    0.4557    0.5190      1795
          22     0.5710    0.9158    0.7034      3230
          23     0.0000    0.0000    0.0000        56
          24     0.0000    0.0000    0.0000       512
          25     0.4498    0.8125    0.5790       992
          26     0.4219    0.2953    0.3474       823
          27     0.7508    0.8412    0.7935      7375
          28     0.0000    0.0000    0.0000        37
          29     0.5217    0.1244    0.2010       675
          30     0.8433    0.2961    0.4383       618
          31     0.6998    0.2602    0.3793      5243
          32     0.0000    0.0000    0.0000        26
          33     0.5056    0.7250    0.5957      1251
          34     0.5782    0.5445    0.5609      1785
          35     0.4749    0.4714    0.4731       925
          36     0.5117    0.5966    0.5509       952
          37     0.5589    0.2456    0.3412       908

    accuracy                         0.7336     79550
   macro avg     0.4429    0.3934    0.3718     79550
weighted avg     0.7235    0.7336    0.7046     79550

(AMB STOPWORDS) (3-grames) FastText ACC@2: 0.8311250785669391
(AMB STOPWORDS) (3-grames) FastText ACC@3: 0.8745694531741043
(AMB STOPWORDS) (3-grames) FastText ACC@4: 0.9001257071024513
(AMB STOPWORDS) (3-grames) FastText ACC@5: 0.9185669390320553
              precision    recall  f1-score   support

           0     0.8703    0.8961    0.8830      4494
           1     0.0000    0.0000    0.0000        39
           2     0.8189    0.8502    0.8343      1776
           3     0.6750    0.6224    0.6476       784
           4     0.8033    0.8941    0.8463       859
           5     0.7484    0.5397    0.6272       667
           6     0.7317    0.8711    0.7953      1249
           7     0.4523    0.4705    0.4613      1069
           8     1.0000    0.0153    0.0302       261
           9     0.7403    0.8185    0.7775      2717
          10     1.0000    0.0174    0.0341       288
          11     0.8133    0.7569    0.7841       794
          12     0.7108    0.3806    0.4957       536
          13     0.9877    0.9933    0.9905     22406
          14     0.8519    0.8638    0.8578      1725
          15     0.8250    0.8980    0.8599      2940
          16     0.0000    0.0000    0.0000       224
          17     0.0000    0.0000    0.0000       160
          18     0.5769    0.1645    0.2560       456
          19     0.8876    0.9243    0.9056      8748
          20     0.0000    0.0000    0.0000       155
          21     0.7252    0.7526    0.7387      1795
          22     0.8855    0.9241    0.9044      3230
          23     0.0000    0.0000    0.0000        56
          24     0.7794    0.5176    0.6221       512
          25     0.7363    0.8639    0.7950       992
          26     0.5849    0.4520    0.5099       823
          27     0.8611    0.9233    0.8911      7375
          28     0.0000    0.0000    0.0000        37
          29     0.6825    0.4459    0.5394       675
          30     0.7732    0.6068    0.6800       618
          31     0.7055    0.7862    0.7436      5243
          32     0.0000    0.0000    0.0000        26
          33     0.7812    0.6651    0.7185      1251
          34     0.7062    0.7636    0.7338      1785
          35     0.7791    0.6865    0.7299       925
          36     0.7893    0.7279    0.7574       952
          37     0.6622    0.5980    0.6285       908

    accuracy                         0.8527     79550
   macro avg     0.6301    0.5445    0.5547     79550
weighted avg     0.8447    0.8527    0.8429     79550

(NO STOPWORDS) (3-grames) FastText ACC@2: 0.9278818353236958
(NO STOPWORDS) (3-grames) FastText ACC@3: 0.951904462602137
(NO STOPWORDS) (3-grames) FastText ACC@4: 0.9645631678189818
(NO STOPWORDS) (3-grames) FastText ACC@5: 0.9719798868636078
